%YAML:1.0
Camera Count: 2
Point Count: 10
Rotations:
   - !!opencv-matrix
      rows: 3
      cols: 3
      dt: d
      data: [ 1., 0., 0., 0., 1., 0., 0., 0., 1. ]
   - !!opencv-matrix
      rows: 3
      cols: 3
      dt: d
      data: [ 9.9518994687865281e-01, 9.7888388034253773e-02,
          3.8513789373727375e-03, -9.7964093684466097e-02,
          9.9438922032209143e-01, 3.9913842909498343e-02,
          7.7332043964189329e-05, -4.0099152051861819e-02,
          9.9919570256505619e-01 ]
Motions:
   - !!opencv-matrix
      rows: 3
      cols: 1
      dt: d
      data: [ 0., 0., 0. ]
   - !!opencv-matrix
      rows: 3
      cols: 1
      dt: d
      data: [ -8.2796817265802861e-02, -6.2422485300358566e-01,
          -7.7684491370112285e-01 ]
Points:
   - [ 4.3752326965332031e+00, -4.2791929244995117e+00,
       4.5716575622558594e+01 ]
   - [ 2.7865629196166992e+00, -4.0922684669494629e+00,
       2.8835216522216797e+01 ]
   - [ 2.8366417884826660e+00, -4.1719064712524414e+00,
       2.9312608718872070e+01 ]
   - [ 2.6689918041229248e+00, -4.3463649749755859e+00,
       3.0845470428466797e+01 ]
   - [ 5.6331050395965576e-01, 1.6364184617996216e+00,
       1.6320676803588867e+01 ]
   - [ 4.3355259299278259e-01, 1.6183465719223022e+00,
       1.5156614303588867e+01 ]
   - [ 4.3355259299278259e-01, 1.6183465719223022e+00,
       1.5156614303588867e+01 ]
   - [ 2.4306497573852539e+00, -3.7120945453643799e+00,
       3.0642496109008789e+01 ]
   - [ 3.8701643943786621e+00, -4.3725290298461914e+00,
       4.2591682434082031e+01 ]
   - [ 2.4795083999633789e+00, -3.7808618545532227e+00,
       3.1122734069824219e+01 ]
Colors:
   - [ 79, 87, 85 ]
   - [ 0, 10, 15 ]
   - [ 0, 7, 10 ]
   - [ 57, 55, 51 ]
   - [ 91, 97, 104 ]
   - [ 4, 3, 5 ]
   - [ 4, 3, 5 ]
   - [ 95, 109, 107 ]
   - [ 72, 88, 88 ]
   - [ 94, 107, 108 ]
